379, 100991
389, 100994
399, 100994
409, 100996
419, 100997
429, 100999
439, 101000
449, 100999
459, 100994
469, 101011
479, 100991
489, 100997
499, 100991
509, 100997
519, 100997
529, 100994
539, 101000
549, 101009
559, 101000
569, 100991
579, 101006
589, 101000
599, 101006
609, 101000
619, 101006
629, 101000
639, 101000
649, 101006
659, 101000
669, 100997
679, 101006
689, 101000
699, 101006
709, 101003
719, 101014
729, 101009
739, 101009
749, 101000
759, 101000
769, 101000
779, 101006
789, 101006
799, 101000
809, 101000
819, 100994
829, 101000
839, 101003
849, 100997
859, 101000
869, 101003
879, 101006
889, 101003
899, 101003
909, 101003
919, 100997
929, 101003
939, 100994
949, 101003
959, 101003
969, 101009
979, 101003
989, 101003
999, 101003
1009, 101009
1019, 101009
1029, 101006
1039, 101009
1049, 101003
1059, 101006
1069, 101009
1079, 101012
1089, 101006
1099, 101000
1109, 101000
1119, 101003
1129, 100994
1139, 100997
1149, 101015
1159, 101006
1169, 101000
1179, 101009
1189, 101000
1199, 100991
1209, 100997
1219, 101006
1229, 100994
1239, 101003
1249, 101006
1259, 101000
1269, 101009
1279, 101003
1289, 101003
1299, 101006
1309, 101006
1319, 101009
1329, 101006
1339, 101003
1349, 100994
1359, 101003
1369, 101006
1379, 101006
1389, 101003
1399, 101003
1409, 101003
1419, 101003
1429, 101003
1439, 101003
1449, 101000
1459, 101003
1469, 100997
1479, 101006
1489, 100997
1499, 100997
1509, 101003
1519, 101003
1529, 100997
1539, 101000
1549, 101003
1559, 101003
1569, 100997
1579, 101000
1589, 100991
1599, 100997
1609, 100997
1619, 101006
1629, 100997
1639, 101006
1649, 101003
1659, 100997
1669, 101003
1679, 100991
1689, 100991
1699, 101000
1709, 101003
1719, 101000
1729, 101006
1739, 101000
1749, 100997
1759, 100997
1769, 101006
1779, 100997
1789, 100997
1799, 101003
1809, 100997
1819, 100991
1829, 101003
1839, 101009
1849, 101000
1859, 100997
1869, 101006
1879, 101003
1889, 101003
1899, 101006
1909, 101006
1919, 100997
1929, 101006
1939, 101003
1949, 100994
1959, 101003
1969, 101006
1979, 101003
1989, 101000
1999, 101006
2009, 101006
2019, 101003
2029, 101006
2039, 101000
2049, 101006
2059, 101003
2069, 101003
2079, 101003
2089, 100997
2099, 101006
2109, 101000
2119, 101006
2129, 101006
2139, 101000
2149, 101000
2159, 101000
2169, 101006
2179, 101006
2189, 101009
2199, 101009
2209, 101015
2219, 101000
2229, 100997
2239, 101000
2249, 101003
2259, 100997
2269, 101000
2279, 100997
2289, 101000
2299, 101003
2309, 101000
2319, 100994
2329, 101000
2339, 100997
2349, 100994
2359, 101006
2369, 100994
2379, 101000
2389, 101000
2399, 101006
2409, 101000
2419, 100997
2429, 100994
2439, 100994
2449, 101006
2459, 101000
2469, 101000
2479, 101003
2489, 101009
2499, 101006
2509, 101003
2519, 101000
2529, 101009
2539, 101003
2549, 100997
2559, 101003
2569, 101000
2579, 101000
2589, 101003
2599, 101009
2609, 101000
2619, 101006
2629, 101006
2639, 101000
2649, 101012
2659, 101006
2669, 101006
2679, 101006
2689, 101006
2699, 101012
2709, 101003
2719, 101006
2729, 101006
2739, 100997
2749, 101009
2759, 101006
2769, 101006
2779, 101009
2789, 101012
2799, 101000
2809, 101006
2819, 101009
2829, 101012
2839, 101003
2849, 101012
2859, 101006
2869, 101006
2879, 101012
2889, 101006
2899, 101012
2909, 101009
2919, 101000
2929, 101009
2939, 101003
2949, 100997
2959, 101003
2969, 101003
2979, 101009
2989, 101000
2999, 100997
3009, 101003
3019, 101015
3029, 101006
3039, 101012
3049, 101003
3059, 101012
3069, 101012
3079, 101003
3089, 101006
3099, 101009
3109, 101009
3119, 101015
3129, 101000
3139, 101006
3149, 101009
3159, 101006
3169, 101006
3179, 101006
3189, 101006
3199, 101003
3209, 101006
3219, 101003
3229, 101015
3239, 101009
3249, 101003
3259, 101009
3269, 101003
3279, 101009
3289, 101006
3299, 101003
3309, 101006
3319, 101000
3329, 101003
3339, 101006
3349, 101009
3359, 101012
3369, 101006
3379, 101003
3389, 100991
3399, 100994
3409, 101000
3419, 101012
3429, 101006
3439, 101003
3449, 101006
3459, 101006
3469, 101006
3479, 101003
3489, 101003
3499, 101003
3509, 101003
3519, 100997
3529, 101006
3539, 101006
3549, 100994
3559, 100997
3569, 101006
3579, 101006
3589, 101012
3599, 101003
3609, 100997
3619, 101006
3629, 101006
3639, 100997
3649, 101012
3659, 101006
3669, 101006
3679, 101009
3689, 101006
3699, 101009
3709, 101003
3719, 101003
3729, 101006
3739, 101009
3749, 101003
3759, 101006
3769, 101000
3779, 101003
3789, 100994
3799, 101003
3809, 101000
3819, 101000
3829, 101000
3839, 101006
3849, 101003
3859, 101009
3869, 100994
3879, 101006
3889, 101000
3899, 101003
3909, 100994
3919, 101009
3929, 101003
3939, 101009
3949, 101009
3959, 101006
3969, 101006
3979, 101006
3989, 101000
3999, 101003
4009, 101000
4019, 100997
4029, 101000
4039, 101000
4049, 101000
4059, 100997
4069, 101006
4079, 101000
4089, 101003
4099, 101009
4109, 101000
4119, 101012
4129, 101000
4139, 101006
4149, 101006
4159, 101003
4169, 101003
4179, 101009
4189, 101006
4199, 101003
4209, 101009
4219, 101003
4229, 101015
4239, 101009
4249, 101000
4259, 101006
4269, 101003
4279, 101000
4289, 101003
4299, 100997
4309, 101003
4319, 101009
4329, 101012
4339, 100997
4349, 101012
4359, 101009
4369, 101006
4379, 101000
4389, 101003
4399, 101009
4409, 101006
4419, 101012
4429, 101009
4439, 100997
4449, 101003
4459, 101006
4469, 101009
4479, 101012
4489, 101009
4499, 101000
4509, 101003
4519, 101009
4529, 100997
4539, 101003
4549, 100997
4559, 101000
4569, 101003
4579, 101006
4589, 101000
4599, 101006
4609, 100997
4619, 101000
4629, 101003
4639, 101003
4649, 101003
4659, 101009
4669, 100997
4679, 101000
4689, 101000
4699, 101006
4709, 101000
4719, 100997
4729, 101000
4739, 101006
4749, 101000
4759, 100994
4769, 101006
4779, 101009
4789, 100997
4799, 101000
4809, 101006
4819, 101000
4829, 101006
4839, 100997
4849, 100994
4859, 100991
4869, 101006
4879, 101006
4889, 100997
4899, 101000
4909, 100994
4919, 101000
4929, 100997
4939, 100997
4949, 101000
4959, 100997
4969, 100994
4979, 100997
4989, 100994
4999, 101009
5009, 101009
5019, 100997
5029, 101006
5039, 101000
5049, 101000
5059, 101000
5069, 101000
5079, 101006
5089, 101000
5099, 101006
5109, 101000
5119, 101009
5129, 101000
5139, 100997
5149, 100997
5159, 101003
5169, 101009
5179, 101012
5189, 101003
5199, 101009
5209, 101006
5219, 101000
5229, 101006
5239, 101000
5249, 101000
5259, 101009
5269, 101003
5279, 101009
5289, 101000
5299, 101006
5309, 101009
5319, 101006
5329, 101006
5339, 101006
5349, 100991
5359, 101003
5369, 100997
5379, 101006
5389, 101003
5399, 101009
5409, 101006
5419, 100994
5429, 101003
5439, 101003
5449, 101000
5459, 100997
5469, 101000
5479, 101015
5489, 101006
5499, 100997
5509, 101009
5519, 101006
5529, 101006
5539, 100997
5549, 101006
5559, 101003
5569, 101000
5579, 101003
5589, 101003
5599, 100997
5609, 101009
5619, 101000
5629, 100997
5639, 101006
5649, 101003
5659, 101009
5669, 101003
5679, 101006
5689, 101009
5699, 100994
5709, 101006
5719, 101003
5729, 101003
5739, 101003
5749, 101003
5759, 101006
5769, 101003
5779, 101003
5789, 101009
5799, 101003
5809, 101006
5819, 101000
5829, 101006
5839, 101006
5849, 101006
5859, 101000
5869, 101009
5879, 101009
5889, 101003
5899, 101009
5909, 101003
5919, 101003
5929, 101006
5939, 101012
5949, 101006
5959, 101003
5969, 101003
5979, 101006
5989, 101009
5999, 101006
6009, 101003
6019, 101000
6029, 101006
6039, 101000
6049, 101006
6059, 101015
6069, 101006
6079, 101006
6089, 101009
6099, 101003
6109, 101009
6119, 101003
6129, 101000
6139, 101000
6149, 101006
6159, 101003
6169, 101009
6179, 101003
6189, 100997
6199, 101003
6209, 101009
6219, 101006
6229, 101009
6239, 100997
6249, 101009
6259, 101006
6269, 101000
6279, 101003
6289, 101003
6299, 101003
6309, 101015
6319, 101000
6329, 101009
6339, 101003
6349, 101009
6359, 101003
6369, 101006
6379, 101009
6389, 100997
6399, 101003
6409, 101006
6419, 101006
6429, 101003
6439, 101006
6449, 101009
6459, 101003
6469, 101006
6479, 101000
6489, 101009
6499, 101006
6509, 101006
6519, 101003
6529, 101009
6539, 101009
6549, 101000
6559, 101003
6569, 101009
6579, 101006
6589, 101009
6599, 101009
6609, 101006
6619, 101006
6629, 101009
6639, 101009
6649, 101015
6659, 101009
6669, 101003
6679, 101009
6689, 101006
6699, 101012
6709, 101015
6719, 101006
6729, 101000
6739, 101003
6749, 100997
6759, 101009
6769, 101003
6779, 101003
6789, 101000
6799, 101000
6809, 101012
6819, 101006
6829, 101000
6839, 101009
6849, 101012
6859, 101000
6869, 101009
6879, 101009
6889, 101006
6899, 101009
6909, 101006
6919, 101009
6929, 101015
6939, 101006
6949, 101009
6959, 101009
6969, 101006
6979, 101009
6989, 101003
6999, 101000
7009, 101006
7019, 101003
7029, 101009
7039, 101015
7049, 101006
7059, 101006
7069, 101006
7079, 101000
7089, 101000
7099, 101003
7109, 101003
7119, 101003
7129, 101006
7139, 101000
7149, 101003
7159, 101006
7169, 101009
7179, 100997
7189, 101000
7199, 101003
7209, 100994
7219, 101003
7229, 101006
7239, 100994
7249, 101003
7259, 101003
7269, 100997
7279, 101009
7289, 101006
7299, 101006
7309, 101003
7319, 101006
7329, 101009
7339, 101003
7349, 101006
7359, 101009
7369, 101006
7379, 101009
7389, 101003
7399, 100997
7409, 100997
7419, 101000
7429, 101000
7439, 101009
7449, 101000
7459, 101006
7469, 100997
7479, 101000
7489, 101003
7499, 101000
7509, 101006
7519, 101000
7529, 101003
7539, 101000
7549, 101012
7559, 101006
7569, 101006
7579, 101003
7589, 101000
7599, 101009
7609, 100997
7619, 101000
7629, 101000
7639, 101000
7649, 100997
7659, 101003
7669, 101006
7679, 101000
7689, 101000
7699, 101000
7709, 101000
7719, 101003
7729, 101000
7739, 101003
7749, 101006
7759, 101003
7769, 101006
7779, 101009
7789, 100997
7799, 101000
7809, 101000
7819, 101000
7829, 101003
7839, 101000
7849, 101000
7859, 101003
7869, 101003
7879, 101012
7889, 101003
7899, 101006
7909, 101009
7919, 101003
7929, 101003
7939, 101003
7949, 100997
7959, 101009
7969, 101003
7979, 101000
7989, 100991
7999, 101006
8009, 101000
8019, 101000
8029, 101003
8039, 101006
8049, 101003
8059, 101000
8069, 101003
8079, 101000
8089, 101003
8099, 100997
8109, 101009
8119, 101003
8129, 101000
8139, 101000
8149, 101000
8159, 100994
8169, 101000
8179, 101000
8189, 101006
8199, 101000
8209, 101000
8219, 101006
8229, 101006
8239, 101006
8249, 101018
8259, 101006
8269, 101003
8279, 101006
8289, 101006
8299, 100997
8309, 100997
8319, 101006
8329, 101009
8339, 101009
8349, 101006
8359, 101006
8369, 101003
8379, 101009
8389, 101015
8399, 101018
8409, 101003
8419, 101006
8429, 101003
8439, 101006
8449, 101003
8459, 100997
8469, 101009
8479, 101003
8489, 101003
8499, 101012
8509, 101009
8519, 101012
8529, 101000
8539, 101015
8549, 101003
8559, 101006
8569, 101000
8579, 101000
8589, 100997
8599, 101009
8609, 101003
8619, 101000
8629, 101009
8639, 101000
8649, 101000
8659, 100994
8669, 100997
8679, 101006
8689, 101006
8699, 101012
8709, 101006
8719, 101012
8729, 101000
8739, 101012
8749, 101000
8759, 101000
8769, 100997
8779, 101000
8789, 101009
8799, 101003
8809, 101000
8819, 101009
8829, 101006
8839, 101006
8849, 101006
8859, 100997
8869, 101003
8879, 101006
8889, 100994
8899, 101000
8909, 101009
8919, 101009
8929, 101006
8939, 101000
8949, 101003
8959, 101006
8969, 101012
8979, 101009
8989, 100994
8999, 101003
9009, 101003
9019, 101012
9029, 101009
9039, 101003
9049, 101000
9059, 101003
9069, 101009
9079, 101006
9089, 101006
9099, 101012
9109, 101012
9119, 101009
9129, 101006
9139, 101012
9149, 101006
9159, 101006
9169, 101006
9179, 101000
9189, 101009
9199, 101006
9209, 101000
9219, 101003
9229, 101006
9239, 101012
9249, 101006
9259, 101006
9269, 101000
9279, 101006
9289, 101000
9299, 101006
9309, 101006
9319, 101006
9329, 101006
9339, 101006
9349, 101012
9359, 101012
9369, 101012
9379, 101006
9389, 101003
9399, 101006
9409, 101006
9419, 101009
9429, 101003
9439, 101006
9449, 101006
9459, 101006
9469, 101012
9479, 101006
9489, 101006
9499, 101006
9509, 101006
9519, 101012
9529, 101003
9539, 101006
9549, 100997
9559, 101009
9569, 101003
9579, 101006
9589, 100997
9599, 101009
9609, 101006
9619, 101012
9629, 101003
9639, 101009
9649, 101009
9659, 101006
9669, 101012
9679, 101003
9689, 101009
9699, 101006
9709, 101006
9719, 101009
9729, 101006
9739, 101015
9749, 101006
9759, 101000
9769, 101009
9779, 101012
9789, 101009
9799, 101009
9809, 101012
9819, 101012
9829, 101006
9839, 101003
9849, 101006
9859, 101009
9869, 101006
9879, 101009
9889, 101009
9899, 101009
9909, 101006
9919, 101006
9929, 101006
9939, 101012
9949, 101006
9959, 100994
9969, 101009
9979, 101012
9989, 101012
9999, 101006
10009, 101006
10019, 101006
10029, 101006
10039, 101003
10049, 101006
10059, 101006
10069, 101003
10079, 101012
10089, 101012
10099, 101000
10109, 101009
10119, 101012
10129, 101006
10139, 101006
10149, 101006
10159, 101000
10169, 101009
10179, 101012
10189, 101012
10199, 101003
10209, 101006
10219, 101000
10229, 101000
10239, 101006
10249, 101000
10259, 101000
10269, 101000
10279, 101006
10289, 101003
10299, 101000
10309, 100994
10319, 101000
10329, 101009
10339, 101006
10349, 101006
10359, 101000
10369, 101006
10379, 101006
10389, 101012
10399, 101003
10409, 101006
10419, 101000
10429, 101003
10439, 101006
10449, 101009
10459, 101009
10469, 101006
10479, 101006
10489, 101012
10499, 101009
10509, 101000
10519, 101000
10529, 101009
10539, 101012
10549, 101003
10559, 101003
10569, 101006
10579, 101006
10589, 101003
10599, 101003
10609, 101009
10619, 101006
10629, 101009
10639, 101003
10649, 101009
10659, 101009
10669, 101006
10679, 101006
10689, 101018
10699, 101009
10709, 101003
10719, 101009
10729, 101006
10739, 101012
10749, 101012
10759, 101006
10769, 101003
10779, 101009
10789, 101012
10799, 101012
10809, 101006
10819, 101003
10829, 101009
10839, 101006
10849, 101006
10859, 101006
10869, 101006
10879, 101000
10889, 101000
10899, 101006
10909, 101009
10919, 101006
10929, 101009
10939, 101006
10949, 101000
10959, 101003
10969, 101003
10979, 100997
10989, 101003
10999, 101000
11009, 101006
11019, 100997
11029, 101006
11039, 101006
11049, 101006
11059, 101006
11069, 101000
11079, 101009
11089, 101000
11099, 101003
11109, 101000
11119, 100997
11129, 101003
11139, 101006
11149, 101006
11159, 101006
11169, 101003
11179, 100994
11189, 101012
11199, 101000
11209, 101009
11219, 100994
11229, 101000
11239, 101003
11249, 101009
11259, 100997
11269, 101000
11279, 101003
11289, 101006
11299, 101000
11309, 101006
11319, 101003
11329, 101012
11339, 101012
11349, 101006
11359, 101006
11369, 101012
11379, 101006
11389, 101003
11399, 101006
11409, 101009
11419, 101006
11429, 101012
11439, 101003
11449, 101009
11459, 101006
11469, 101000
11479, 101006
11489, 101006
11499, 100994
11509, 100997
11519, 101009
11529, 101003
11539, 101003
11549, 101000
11559, 101000
11569, 101006
11579, 101000
11589, 100997
11599, 100994
11609, 100997
11619, 100997
11629, 100997
11639, 100997
11649, 100997
11659, 101003
11669, 101003
11679, 101003
11689, 101003
11699, 101003
11709, 101000
11719, 100997
11729, 101003
11739, 101006
11749, 101012
11759, 100994
11769, 101003
11779, 100997
11789, 101000
11799, 101000
11809, 101000
11819, 101003
11829, 100997
11839, 101000
11849, 101006
11859, 100997
11869, 101000
11879, 101003
11889, 101003
11899, 100997
11909, 101006
11919, 101000
11929, 101003
11939, 101006
11949, 100997
11959, 100997
11969, 101009
11979, 101006
11989, 101003
11999, 101009
12009, 101003
12019, 101000
12029, 101003
12039, 101003
12049, 101003
12059, 101012
12069, 101003
12079, 101003
12089, 101000
12099, 101009
12109, 101000
12119, 101003
12129, 101003
12139, 101003
12149, 101003
12159, 101009
12169, 101003
12179, 101003
12189, 101000
12199, 101003
12209, 101003
12219, 101003
12229, 101003
12239, 101003
12249, 101003
12259, 101003
12269, 101003
12279, 101003
12289, 100997
12299, 100997
12309, 101003
12319, 101000
12329, 101006
12339, 101000
12349, 100997
12359, 101009
12369, 100997
12379, 100997
12389, 101009
12399, 101003
12409, 100997
12419, 101003
12429, 100991
12439, 101000
12449, 101003
12459, 101012
12469, 101006
12479, 101003
12489, 101003
12499, 101000
12509, 101000
12519, 101003
12529, 100994
12539, 101003
12549, 100997
12559, 101009
12569, 101009
12579, 100997
12589, 101006
12599, 101003
12609, 100997
12619, 101003
12629, 100997
12639, 101006
12649, 101000
12659, 101003
12669, 101003
12679, 100994
12689, 101006
12699, 101006
12709, 101006
12719, 101006
12729, 101003
12739, 101012
12749, 101009
12759, 100997
12769, 101003
12779, 101003
12789, 100997
12799, 101003
12809, 101003
12819, 101003
12829, 101000
12839, 100997
12849, 101003
12859, 101006
12869, 101003
12879, 101009
12889, 101003
12899, 100994
12909, 100997
12919, 101003
12929, 100997
12939, 101003
12949, 101000
12959, 101006
12969, 101003
12979, 101003
12989, 101000
12999, 101003
13009, 101003
13019, 101003
13029, 101000
13039, 101003
13049, 101000
13059, 101009
13069, 100997
13079, 101006
13089, 101003
13099, 101003
13109, 101000
13119, 101003
13129, 101003
13139, 101012
13149, 100997
13159, 101009
13169, 101003
13179, 101006
13189, 101003
13199, 101003
13209, 101009
13219, 101006
13229, 101000
13239, 101000
13249, 100994
13259, 101003
13269, 100994
13279, 101003
13289, 101006
13299, 100997
13309, 101000
13319, 101000
13329, 100997
13339, 100997
13349, 101009
13359, 101000
13369, 101003
13379, 101006
13389, 100997
13399, 101006
13409, 101003
13419, 100997
13429, 100997
13439, 100997
13449, 101006
13459, 101003
13469, 101003
13479, 100997
13489, 101003
13499, 100997
13509, 101003
13519, 101000
13529, 101003
13539, 100997
13549, 101003
13559, 101003
13569, 100997
13579, 101003
13589, 101000
13599, 100997
13609, 101000
13619, 101006
13629, 101000
13639, 101000
13649, 101000
13659, 101006
13669, 100997
13679, 100994
13689, 101003
13699, 101003
13709, 101006
13719, 100997
13729, 101000
13739, 101006
13749, 101009
13759, 101000
13769, 101009
13779, 101003
13789, 101009
13799, 101003
13809, 101003
13819, 101003
13829, 101009
13839, 101006
13849, 100997
13859, 101003
13869, 100997
13879, 101003
13889, 101006
13899, 100994
13909, 101003
13919, 101006
13929, 101012
13939, 101009
13949, 101003
13959, 101000
13969, 101009
13979, 100997
13989, 101003
13999, 101003
14009, 100997
14019, 101003
14029, 101009
14039, 101000
14049, 101003
14059, 101003
14069, 101009
14079, 101009
14089, 101006
14099, 100997
14109, 101003
14119, 100997
14129, 101003
14139, 101006
14149, 101003
14159, 101009
14169, 101009
14179, 101000
14189, 101015
14199, 101003
14209, 101000
14219, 101003
14229, 101003
14239, 101003
14249, 101009
14259, 101000
14269, 100997
14279, 101003
14289, 101006
14299, 100994
14309, 100991
14319, 101003
14329, 101006
14339, 100997
14349, 101003
14359, 101000
14369, 101006
14379, 101009
14389, 101006
14399, 100997
14409, 101015
14419, 101003
14429, 101000
14439, 101003
14449, 101009
14459, 101003
14469, 101003
14479, 101003
14489, 101006
14499, 101006
14509, 101003
14519, 101012
14529, 101000
14539, 100997
14549, 101006
14559, 101006
14569, 101009
14579, 101003
14589, 101006
14599, 101003
14609, 101006
14619, 101012
14629, 101006
14639, 101003
14649, 101006
14659, 100994
14669, 100994
14679, 100997
14689, 101006
14699, 100991
14709, 101000
14719, 100997
14729, 100991
14739, 101000
14749, 101003
14759, 101000
14769, 101003
14779, 101000
14789, 101003
14799, 101006
14809, 100997
14819, 101000
14829, 101003
14839, 100997
14849, 101006
14859, 101003
14869, 101003
14879, 101000
14889, 101003
14899, 101000
14909, 101006
14919, 101006
14929, 101006
14939, 101003
14949, 101003
14959, 101006
14969, 101000
14979, 101018
14989, 101003
14999, 101015
15009, 101006
15019, 101018
15029, 101009
15039, 101009
15049, 101006
15059, 101006
15069, 101006
15079, 100997
15089, 101000
15099, 101003
15109, 100997
15119, 101000
15129, 101000
15139, 101009
15149, 100997
15159, 101006
15169, 101009
15179, 101006
15189, 101000
15199, 101009
15209, 101003
15219, 101009
15229, 101006
15239, 101000
15249, 101006
15259, 101000
15269, 100997
15279, 101003
15289, 101012
15299, 101006
15309, 101012
15319, 100994
15329, 101003
15339, 100991
15349, 100997
15359, 100994
15369, 100994
15379, 100994
15389, 101006
15399, 101000
15409, 101000
15419, 100994
15429, 101006
15439, 101009
15449, 100991
15459, 101000
15469, 101012
15479, 101003
15489, 101006
15499, 100997
15509, 100997
15519, 101003
15529, 101003
15539, 101009
15549, 100997
15559, 101009
15569, 101000
15579, 101003
15589, 100997
15599, 101003
15609, 101003
15619, 101003
15629, 100997
15639, 101009
15649, 101006
15659, 101006
15669, 101003
15679, 101009
15689, 101006
15699, 101000
15709, 101006
15719, 101000
15729, 101006
15739, 101012
15749, 101000
15759, 101006
15769, 101006
15779, 101006
15789, 101009
15799, 101003
15809, 101012
15819, 101006
15829, 101009
15839, 101006
15849, 101015
15859, 101006
15869, 101003
15879, 101003
15889, 101003
15899, 101006
15909, 101009
15919, 101000
15929, 101003
15939, 101006
15949, 101006
15959, 101003
15969, 101006
15979, 101000
15989, 101006
15999, 101006
16009, 101000
16019, 101009
16029, 101009
16039, 101009
16049, 101009
16059, 101003
16069, 101009
16079, 101006
16089, 101003
16099, 100994
16109, 101000
16119, 101003
16129, 100997
16139, 101006
16149, 100994
16159, 101006
16169, 101003
16179, 101000
16189, 101000
16199, 101006
16209, 101003
16219, 101009
16229, 101012
16239, 101009
16249, 101009
16259, 101009
16269, 101006
16279, 101006
16289, 101006
16299, 101000
16309, 101006
16319, 101012
16329, 101009
16339, 101000
16349, 101009
16359, 101003
16369, 100997
16379, 101000
16389, 101003
16399, 101012
16409, 101009
16419, 101003
16429, 101006
16439, 101003
16449, 101003
16459, 101012
16469, 101006
16479, 101006
16489, 101009
16499, 101000
16509, 101003
16519, 100997
16529, 101012
16539, 101009
16549, 101009
16559, 101003
16569, 101006
16579, 101006
16589, 101006
16599, 101006
16609, 101006
16619, 101009
16629, 101009
16639, 100997
16649, 101012
16659, 101003
16669, 101000
16679, 101009
16689, 101009
16699, 101003
16709, 101006
16719, 101000
16729, 101006
16739, 101003
16749, 101003
16759, 101003
16769, 101000
16779, 101003
16789, 101009
16799, 101006
16809, 101009
16819, 101006
16829, 100997
16839, 101000
16849, 101006
16859, 101003
16869, 101003
16879, 101003
16889, 101009
16899, 101012
16909, 101009
16919, 101003
16929, 101006
16939, 101012
16949, 101012
16959, 101006
16969, 101003
16979, 101003
16989, 101003
16999, 100994
17009, 101003
17019, 101003
17029, 101000
17039, 101006
17049, 101006
17059, 101003
17069, 101003
17079, 101003
17089, 100997
17099, 101009
17109, 101006
17119, 101006
17129, 101000
17139, 101006
17149, 101006
17159, 101003
17169, 101009
17179, 101000
17189, 101000
17199, 101009
17209, 101000
17219, 101009
17229, 101006
17239, 101006
17249, 101003
17259, 101003
17269, 101000
17279, 101003
17289, 101000
17299, 101009
17309, 101006
17319, 101012
17329, 101000
17339, 101000
17349, 101006
17359, 101006
17369, 101000
17379, 101009
17389, 101000
17399, 101006
17409, 100997
17419, 101012
17429, 101000
17439, 101006
17449, 101000
17459, 101006
17469, 100994
17479, 101000
17489, 101000
17499, 101006
17509, 101006
17519, 101006
17529, 101003
17539, 100997
17549, 101000
17559, 101003
17569, 101003
17579, 101009
17589, 101006
17599, 100997
17609, 101003
17619, 101006
17629, 100997
17639, 101000
17649, 101000
17659, 101006
17669, 101006
17679, 101006
17689, 101000
17699, 101006
17709, 101000
17719, 101006
17729, 101003
17739, 101009
17749, 101015
17759, 101000
17769, 101003
17779, 101003
17789, 101003
17799, 100997
17809, 101000
17819, 101000
17829, 101003
17839, 101006
17849, 101006
17859, 101000
17869, 101000
17879, 101009
17889, 101006
17899, 101006
17909, 101006
17919, 101006
17929, 101000
17939, 101000
17949, 101003
17959, 101006
17969, 101006
17979, 101006
17989, 101003
17999, 101009
18009, 101006
18019, 101000
18029, 101006
18039, 101009
18049, 101006
18059, 101006
18069, 101006
18079, 101003
18089, 101003
18099, 101003
18109, 101012
18119, 101003
18129, 100997
18139, 101009
18149, 100994
18159, 101000
18169, 101003
18179, 101009
18189, 101003
18199, 101000
18209, 101003
18219, 101003
18229, 101006
18239, 101003
18249, 101003
18259, 101012
18269, 101012
18279, 101009
18289, 101000
18299, 101009
18309, 101003
18319, 101000
18329, 101003
18339, 101012
18349, 101006
18359, 101000
18369, 101009
18379, 101006
18389, 101003
18399, 101000
18409, 101000
18419, 100994
18429, 101009
18439, 101006
18449, 101000
18459, 101003
18469, 101003
18479, 101000
18489, 101003
18499, 101000
18509, 101012
18519, 101003
18529, 101012
18539, 101003
18549, 101009
18559, 101006
18569, 101000
18579, 101000
18589, 101012
18599, 100997
18609, 100997
18619, 101003
18629, 100997
18639, 101012
18649, 101000
18659, 101006
18669, 101009
18679, 101000
18689, 101009
18699, 100994
18709, 100997
18719, 101003
18729, 101009
18739, 101000
18749, 100997
18759, 100997
18769, 101009
18779, 101012
18789, 101003
18799, 101009
18809, 101003
18819, 101003
18829, 101000
18839, 101000
18849, 101003
18859, 101009
18869, 101003
18879, 101006
18889, 101000
18899, 101003
18909, 101003
18919, 101009
18929, 101006
18939, 101006
18949, 101012
18959, 101000
18969, 101000
18979, 100994
18989, 101000
18999, 101000
19009, 101003
19019, 101000
19029, 101003
19039, 101006
19049, 101006
19059, 101009
19069, 101009
19079, 101009
19089, 101006
19099, 101000
19109, 101003
19119, 101006
19129, 101000
19139, 101000
19149, 100997
19159, 101003
19169, 101006
19179, 101003
19189, 101012
19199, 101003
19209, 101006
19219, 101003
19229, 101000
19239, 101000
19249, 101003
19259, 101003
19269, 101003
19279, 100997
19289, 101003
19299, 101009
19309, 101000
19319, 101003
19329, 101009
19339, 101003
19349, 101003
19359, 101000
19369, 101000
19379, 101006
19389, 101003
19399, 101000
19409, 101003
19419, 101006
19429, 101003
19439, 101006
19449, 101009
19459, 101003
19469, 101000
19479, 100997
19489, 101003
19499, 101009
19509, 101000
19519, 101003
19529, 100997
19539, 100994
19549, 101003
19559, 101003
19569, 101000
19579, 101003
19589, 101000
19599, 101000
19609, 100997
19619, 101003
19629, 101003
19639, 101009
19649, 101000
19659, 101003
19669, 101012
19679, 101006
19689, 101012
19699, 101003
19709, 101006
19719, 101003
19729, 101003
19739, 101000
19749, 101000
19759, 101000
19769, 101006
19779, 101003
19789, 101003
19799, 101003
19809, 100997
19819, 101003
19829, 100997
19839, 101000
19849, 101000
19859, 101000
19869, 101003
19879, 101003
19889, 101003
19899, 101003
19909, 101000
19919, 101000
19929, 101003
19939, 101003
19949, 101003
19959, 101003
19969, 101006
19979, 101000
19989, 101012
19999, 101009
20009, 101003
20019, 100997
20029, 101000
20039, 101012
20049, 100997
20059, 101006
20069, 101000
20079, 101003
20089, 100994
20099, 101000
20109, 101003
20119, 100997
20129, 101009
20139, 101003
20149, 101006
20159, 101003
20169, 101003
20179, 101009
20189, 100997
20199, 101003
20209, 101003
20219, 100988
20229, 100994
20239, 101000
20249, 101000
20259, 101003
20269, 100997
20279, 101003
20289, 101003
20299, 101003
20309, 101003
20319, 101000
20329, 101006
20339, 101003
20349, 101000
20359, 101000
20369, 100997
20379, 100997
20389, 101006
20399, 100997
20409, 100997
20419, 100994
20429, 101003
20439, 101000
20449, 101009
20459, 101003
20469, 101003
20479, 101000
20489, 100997
20499, 100994
20509, 101003
20519, 100994
20529, 101000
20539, 101006
20549, 101000
20559, 101003
20569, 101000
20579, 101000
20589, 101006
20599, 100997
20609, 101003
20619, 100994
20629, 100994
20639, 100997
20649, 100997
20659, 101003
20669, 101012
20679, 100997
20689, 101006
20699, 100994
20709, 101003
20719, 100997
20729, 101009
20739, 100997
20749, 101000
20759, 101003
20769, 101006
20779, 101003
20789, 101003
20799, 101006
20809, 101003
20819, 101003
20829, 100997
20839, 101006
20849, 101003
20859, 100994
20869, 101012
20879, 101012
20889, 100997
20899, 101009
20909, 101003
20919, 101003
20929, 101003
20939, 100997
20949, 101003
20959, 100997
20969, 101012
20979, 101009
20989, 101000
20999, 101000
21009, 101000
21019, 101000
21029, 101003
21039, 101000
21049, 101000
21059, 101003
21069, 101006
21079, 101003
21089, 101012
21099, 101003
21109, 101000
21119, 101015
21129, 101012
21139, 101003
21149, 101006
21159, 100997
21169, 100997
21179, 101000
21189, 101003
21199, 101000
21209, 101000
21219, 101000
21229, 101000
21239, 101000
21249, 101003
21259, 101009
21269, 101000
21279, 101000
21289, 101000
21299, 101006
21309, 101000
21319, 101012
21329, 101009
21339, 101006
21349, 101009
21359, 101000
21369, 101003
21379, 101000
21389, 101003
21399, 100988
21409, 101006
21419, 101000
21429, 101009
21439, 101003
21449, 100997
21459, 101003
21469, 101000
21479, 100997
21489, 100994
21499, 101000
21509, 101006
21519, 101000
21529, 101009
21539, 101000
21549, 101018
21559, 101012
21569, 100994
21579, 101009
21589, 101003
21599, 101006
21609, 101000
21619, 101003
21629, 101000
21639, 100997
21649, 101003
21659, 100991
21669, 100994
21679, 101003
21689, 101003
21699, 100991
21709, 101000
21719, 101006
21729, 101000
21739, 101000
21749, 100997
21759, 101000
21769, 100997
21779, 101003
21789, 101000
21799, 101000
21809, 101003
21819, 101003
21829, 101003
21839, 101000
21849, 100997
21859, 101000
21869, 100994
21879, 101006
21889, 101000
21899, 100991
21909, 101000
21919, 101000
21929, 101000
21939, 100997
21949, 100997
21959, 100991
21969, 101000
21979, 100997
21989, 100991
21999, 100994
22009, 100991
22019, 101006
22029, 101000
22039, 101003
22049, 101000
22059, 100994
22069, 101000
22079, 100994
22089, 101003
22099, 100994
22109, 101003
22119, 101000
22129, 100997
22139, 101006
22149, 101000
22159, 101000
22169, 101000
22179, 100994
22189, 100997
22199, 101006
22209, 101000
22219, 100997
22229, 100997
22239, 101006
22249, 100994
22259, 100997
22269, 100994
22279, 101006
22289, 100997
22299, 100991
22309, 101000
22319, 101003
22329, 101000
22339, 101003
22349, 100997
22359, 100997
22369, 101000
22379, 101003
22389, 101003
22399, 100997
22409, 101003
22419, 101006
22429, 101003
22439, 100997
22449, 101003
22459, 101000
22469, 101006
22479, 100997
22489, 101003
22499, 101003
22509, 101009
22519, 101000
22529, 101006
22539, 101000
22549, 101003
22559, 100997
22569, 101003
22579, 101009
22589, 101006
22599, 101009
22609, 101003
22619, 101000
22629, 101009
22639, 101000
22649, 101003
22659, 101003
22669, 101009
22679, 101006
22689, 101006
22699, 101009
22709, 101003
22719, 101000
22729, 101006
22739, 101009
22749, 101012
22759, 101003
22769, 101009
22779, 101009
22789, 101006
22799, 101003
22809, 101012
22819, 101009
22829, 101006
22839, 101006
22849, 101012
22859, 101000
22869, 101003
22879, 101006
22889, 101006
22899, 100997
22909, 101000
22919, 101000
22929, 101003
22939, 101009
22949, 101003
22959, 101003
22969, 101000
22979, 101000
22989, 101006
22999, 100994
23009, 100997
23019, 101009
23029, 101003
23039, 101006
23049, 101003
23059, 101009
23069, 101009
23079, 101003
23089, 101012
23099, 101012
23109, 101006
23119, 101000
23129, 101006
23139, 101000
23149, 101000
23159, 100997
23169, 101000
23179, 101006
23189, 101006
23199, 101009
23209, 101006
23219, 101006
23229, 101003
23239, 101015
23249, 101003
23259, 101009
23269, 101000
23279, 101000
23289, 101000
23299, 101012
23309, 101000
23319, 101003
23329, 100997
23339, 100988
23349, 100997
23359, 101000
23369, 101003
23379, 101003
23389, 100997
23399, 101000
23409, 100997
23419, 100997
23429, 100994
23439, 101006
23449, 101003
23459, 101009
23469, 101003
23479, 101006
23489, 101003
23499, 101003
23509, 100997
23519, 101000
23529, 101006
23539, 101009
23549, 101006
23559, 100997
23569, 101000
23579, 101000
23589, 101012
23599, 101006
23609, 100991
23619, 100994
23629, 101000
23639, 100994
23649, 101000
23659, 101000
23669, 101003
23679, 101000
23689, 101009
23699, 100997
23709, 101012
23719, 101009
23729, 101012
23739, 101009
23749, 101006
23759, 101009
23769, 101003
23779, 101003
23789, 101009
23799, 101006
23809, 101006
23819, 101003
23829, 101009
23839, 101003
23849, 101006
23859, 101003
23869, 101003
23879, 101006
23889, 101003
23899, 101009
23909, 101000
23919, 101003
23929, 101000
23939, 101003
23949, 101006
23959, 101000
23969, 101000
23979, 101000
23989, 101003
23999, 101009
24009, 101009
24019, 100997
24029, 100997
24039, 101003
24049, 101009
24059, 101006
24069, 101003
24079, 101000
24089, 101003
24099, 101009
24109, 101006
24119, 101003
24129, 101003
24139, 101003
24149, 101006
24159, 101003
24169, 101009
24179, 101003
24189, 101003
24199, 101000
24209, 101006
24219, 101003
24229, 100997
24239, 101003
24249, 101003
24259, 100994
24269, 101003
24279, 101003
24289, 101006
24299, 100997
24309, 100994
24319, 101000
24329, 100994
24339, 101003
24349, 101000
24359, 101006
24369, 101006
24379, 101006
24389, 101000
24399, 100997
24409, 101003
24419, 101000
24429, 100997
24439, 101006
24449, 101000
24459, 101000
24469, 101003
24479, 101000
24489, 101006
24499, 101006
24509, 101009
24519, 101003
24529, 101009
24539, 101000
24549, 101000
24559, 101000
24569, 101006
24579, 101006
24589, 101006
24599, 101012
24609, 101003
24619, 101006
24629, 101003
24639, 101000
24649, 101003
24659, 101003
24669, 101003
24679, 101012
24689, 101003
24699, 101009
24709, 101000
24719, 101006
24729, 100997
24739, 101006
24749, 101000
24759, 101015
24769, 101009
24779, 101006
24789, 101003
24799, 101009
24809, 101012
24819, 101006
24829, 101003
24839, 101000
24849, 100997
24859, 101003
24869, 100997
24879, 101003
24889, 101003
24899, 101006
24909, 101006
24919, 101003
24929, 101000
24939, 101000
24949, 101000
24959, 101000
24969, 100994
24979, 100994
24989, 101003
24999, 101000
25009, 101000
25019, 101003
25029, 101000
25039, 101000
25049, 101006
25059, 101006
25069, 101009
25079, 101006
25089, 101009
25099, 101003
25109, 101003
25119, 101006
25129, 101003
25139, 101012
25149, 101003
25159, 101009
25169, 101000
25179, 101003
25189, 101009
25199, 101003
25209, 101009
25219, 101012
25229, 101006
25239, 101006
25249, 101012
25259, 101000
25269, 100994
25279, 101006
25289, 101006
25299, 101009
25309, 101003
25319, 100994
25329, 101012
25339, 101003
25349, 101003
25359, 101003
25369, 101003
25379, 101018
25389, 101003
25399, 101003
25409, 101003
25419, 101009
25429, 101003
25439, 101009
25449, 101000
25459, 101006
25469, 101009
25479, 101003
25489, 101003
25499, 101003
25509, 101003
25519, 101003
25529, 101003
25539, 101003
25549, 101003
25559, 101000
25569, 101000
25579, 101009
25589, 101003
25599, 101003
25609, 100994
25619, 101003
25629, 101000
25639, 101000
25649, 101003
25659, 100997
25669, 101000
25679, 101000
25689, 101003
25699, 101000
25709, 101003
25719, 101003
25729, 101006
25739, 101003
25749, 101000
25759, 101000
25769, 101003
25779, 101003
25789, 101003
25799, 100991
25809, 101000
25819, 101003
25829, 101006
25839, 100991
25849, 100997
25859, 100994
25869, 101000
25879, 101000
25889, 100997
25899, 101000
25909, 101000
25919, 100997
25929, 101003
25939, 101003
25949, 101003
25959, 101012
25969, 101012
25979, 101003
25989, 101000
25999, 100997
26009, 101003
26019, 101006
26029, 101012
26039, 101000
26049, 101000
26059, 101000
26069, 101006
26079, 100997
26089, 101009
26099, 101009
26109, 101009
26119, 101000
26129, 101000
26139, 100997
26149, 100997
26159, 100994
26169, 101009
26179, 101006
26189, 101003
26199, 101000
26209, 100997
26219, 101000
26229, 101000
26239, 101000
26249, 101003
26259, 101003
26269, 100997
26279, 101003
26289, 101006
26299, 101000
26309, 101003
26319, 101003
26329, 101003
26339, 100997
26349, 101003
26359, 100997
26369, 101003
26379, 100991
26389, 100991
26399, 101003
26409, 101003
26419, 101003
26429, 101000
26439, 101003
26449, 101003
26459, 100997
26469, 101003
26479, 101000
26489, 101009
26499, 101003
26509, 101012
26519, 101000
26529, 101000
26539, 101003
26549, 101003
26559, 100997
26569, 101003
26579, 101000
26589, 101003
26599, 100997
26609, 101003
26619, 101003
26629, 100997
26639, 101000
26649, 101003
26659, 100994
26669, 101003
26679, 101006
26689, 100997
26699, 100991
26709, 101000
26719, 101006
26729, 101003
26739, 101006
26749, 101009
26759, 101000
26769, 101003
26779, 100997
26789, 100997
26799, 101003
26809, 101003
26819, 101000
26829, 100997
26839, 101000
26849, 101000
26859, 101003
26869, 101003
26879, 101000
26889, 101000
26899, 101003
26909, 101009
26919, 101003
26929, 101009
26939, 100997
26949, 101003
26959, 100997
26969, 100997
26979, 101000
26989, 101003
26999, 101003
27009, 101000
27019, 101000
27029, 100994
27039, 100991
27049, 101000
27059, 101003
27069, 101009
27079, 101003
27089, 101003
27099, 101003
27109, 101003
27119, 101003
27129, 100994
27139, 100997
27149, 101009
27159, 101006
27169, 100997
27179, 100997
27189, 100997
27199, 100997
27209, 100997
27219, 101003
27229, 101000
27239, 101003
27249, 101003
27259, 100994
27269, 101003
27279, 101003
27289, 100997
27299, 101003
27309, 101006
27319, 100997
27329, 101003
27339, 101003
27349, 101006
27359, 101003
27369, 101006
27379, 100991
27389, 100991
27399, 101009
27409, 101000
27419, 100991
27429, 101000
27439, 100997
27449, 100994
27459, 100994
27469, 101003
27479, 100997
27489, 101000
27499, 101006
27509, 101003
27519, 101006
27529, 100994
27539, 100997
27549, 101000
27559, 101000
27569, 100991
27579, 100997
27589, 101012
27599, 101015
27609, 100997
27619, 100997
27629, 101000
27639, 101000
27649, 101012
27659, 101006
27669, 101000
27679, 101003
27689, 101012
27699, 101003
27709, 101006
27719, 101003
27729, 101003
27739, 101000
27749, 100994
27759, 101000
27769, 101009
27779, 101003
27789, 101003
27799, 100997
27809, 101009
27819, 101012
27829, 100997
27839, 100997
27849, 101006
27859, 100994
27869, 100997
27879, 100997
27889, 101000
27899, 101006
27909, 101000
27919, 101003
27929, 101000
27939, 100997
27949, 101000
27959, 101000
27969, 101009
27979, 101009
27989, 101003
27999, 101003
28009, 100991
28019, 101000
28029, 101009
28039, 101006
28049, 101003
28059, 100997
28069, 101003
28079, 100997
28089, 101003
28099, 101000
28109, 101000
28119, 101000
28129, 100997
28139, 100994
28149, 101003
28159, 100997
28169, 100994
28179, 100985
28189, 101003
28199, 101012
28209, 101000
28219, 101000
28229, 100997
28239, 100994
28249, 101000
28259, 100994
28269, 100991
28279, 100991
28289, 101000
28299, 100997
28309, 101000
28319, 100991
28329, 101003
28339, 100997
28349, 100997
28359, 100994
28369, 100994
28379, 101003
28389, 101009
28399, 101000
28409, 101003
28419, 100997
28429, 101009
28439, 100994
28449, 100997
28459, 100997
28469, 100994
28479, 101000
28489, 100991
28499, 101003
28509, 101006
28519, 101003
28529, 101000
28539, 101003
28549, 101003
28559, 101006
28569, 101003
28579, 100997
28589, 101006
28599, 101009
28609, 101003
28619, 101000
28629, 101003
28639, 100997
28649, 101009
28659, 101000
28669, 101003
28679, 101003
28689, 101000
28699, 100997
28709, 101000
28719, 101006
28729, 101009
28739, 101000
28749, 101006
28759, 100997
28769, 101003
28779, 101000
28789, 100997
28799, 100997
28809, 100994
28819, 101006
28829, 100994
28839, 100997
28849, 101003
28859, 100997
28869, 100997
28879, 101003
28889, 100997
28899, 101000
28909, 100994
28919, 101000
28929, 100994
28939, 100997
28949, 100994
28959, 101003
28969, 100997
28979, 100997
28989, 101000
28999, 100997
29009, 100997
29019, 101000
29029, 101000
29039, 101003
29049, 101006
29059, 101006
29069, 100997
29079, 101003
29089, 101009
29099, 101003
29109, 101003
29119, 101003
29129, 101003
29139, 101012
29149, 101006
29159, 101006
29169, 101003
29179, 101012
29189, 101003
29199, 101015
29209, 101003
29219, 101000
29229, 101009
29239, 101003
29249, 101000
29259, 100997
29269, 101003
29279, 101000
29289, 101000
29299, 101009
29309, 101000
29319, 101003
29329, 100997
29339, 101006
29349, 101000
29359, 101006
29369, 101003
29379, 101000
29389, 101000
29399, 101006
29409, 101003
29419, 101006
29429, 101003
29439, 100997
29449, 101003
29459, 101000
29469, 100997
29479, 101003
29489, 101000
29499, 101003
29509, 101003
29519, 101000
29529, 101000
29539, 101000
29549, 101000
29559, 101000
29569, 101009
29579, 101003
29589, 101006
29599, 101006
29609, 101009
29619, 101000
29629, 100994
29639, 101006
29649, 101006
29659, 101006
29669, 101006
29679, 101009
29689, 101003
29699, 101003
29709, 101009
29719, 101000
29729, 100997
29739, 101003
29749, 101000
29759, 101006
29769, 101000
29779, 101003
29789, 101006
29799, 100997
29809, 101000
29819, 101006
29829, 101003
29839, 100994
29849, 100997
29859, 101006
29869, 101003
29879, 101000
29889, 101006
29899, 101003
29909, 100997
29919, 100997
29929, 101009
29939, 101009
29949, 101009
29959, 101003
29969, 101000
29979, 100997
29989, 100997
29999, 101000
30009, 101000
30019, 101009
30029, 101003
30039, 101006
30049, 100997
30059, 101003
30069, 101000
30079, 101003
30089, 101000
30099, 101000
30109, 101006
30119, 101000
30129, 101006
30139, 101009
30149, 100997
30159, 101006
30169, 101000
30179, 101000
30189, 101006
30199, 101000
30209, 101003
30219, 101003
30229, 100994
30239, 101003
30249, 101009
30259, 101003
30269, 101006
30279, 101000
30289, 101003
30299, 101003
30309, 101006
30319, 101006
30329, 101000
30339, 101000
30349, 101006
30359, 101009
30369, 101003
30379, 101006
30389, 101009
30399, 101003
30409, 101006
30419, 101000
30429, 101003
30439, 100997
30449, 101006
30459, 101000
30469, 101009
30479, 101003
30489, 101009
30499, 101009
30509, 101000
30519, 101003
30529, 101003
30539, 101006
30549, 101009
30559, 101009
30569, 101009
30579, 101006
30589, 101006
30599, 101006
30609, 101003
30619, 101000
30629, 101006
30639, 101006
30649, 101003
30659, 101000
30669, 101000
30679, 101003
30689, 101006
30699, 101012
30709, 101006
30719, 101006
30729, 101006
30739, 101006
30749, 101006
30759, 101012
30769, 101003
30779, 101009
30789, 101006
30799, 101000
30809, 101003
30819, 101003
30829, 101006
30839, 101000
30849, 101006
30859, 101000
30869, 101003
30879, 101003
30889, 100994
30899, 101006
30909, 101000
30919, 101000
30929, 101006
30939, 101000
30949, 101006
30959, 101000
30969, 101006
30979, 101000
30989, 101006
30999, 101006
31009, 101000
31019, 101006
31029, 101000
31039, 101000
31049, 101009
31059, 101000
31069, 101006
31079, 101006
31089, 101006
31099, 101000
31109, 101003
31119, 101006
31129, 101006
31139, 100997
31149, 101006
31159, 101003
31169, 100994
31179, 101000
31189, 101003
31199, 101000
31209, 101009
31219, 101009
31229, 101003
31239, 101009
31249, 101006
31259, 101009
31269, 101003
31279, 101006
31289, 101000
31299, 101006
31309, 101015
31319, 101003
31329, 101003
31339, 101009
31349, 101009
31359, 101003
31369, 101009
31379, 101006
31389, 101012
31399, 101012
31409, 100991
31419, 101003
31429, 100994
31439, 101003
31449, 100997
31459, 101003
31469, 101006
31479, 101003
31489, 101003
31499, 101003
31509, 101006
31519, 100994
31529, 100994
31539, 101003
31549, 101006
31559, 100994
31569, 101000
31579, 101006
31589, 101000
31599, 101006
31609, 101006
31619, 101006
31629, 101000
31639, 101006
31649, 101006
31659, 101003
31669, 101006
31679, 101006
31689, 101006
31699, 101009
31709, 101003
31719, 101009
31729, 101006
31739, 101012
31749, 100994
31759, 101012
31769, 101003
31779, 101003
31789, 101006
31799, 101006
31809, 101009
31819, 101000
31829, 100994
31839, 101006
31849, 101006
31859, 101003
31869, 101006
31879, 101006
31889, 100994
31899, 100994
31909, 101006
31919, 101003
31929, 101009
31939, 101006
31949, 101000
31959, 101000
31969, 101006
31979, 101009
31989, 101006
31999, 101003
32009, 101018
32019, 101009
32029, 101012
32039, 101003
32049, 101003
32059, 101003
32069, 101000
32079, 101006
32089, 101003
32099, 100997
32109, 101000
32119, 100997
32129, 101003
32139, 101003
32149, 101000
32159, 101000
32169, 101000
32179, 100997
32189, 101003
32199, 100997
32209, 101012
32219, 100997
32229, 100994
32239, 100997
32249, 100991
32259, 101003
32269, 101003
32279, 100997
32289, 100994
32299, 101006
32309, 101000
32319, 101000
32329, 100994
32339, 101003
32349, 101003
32359, 101006
32369, 101009
32379, 101012
32389, 101009
32399, 101000
32409, 101003
32419, 101000
32429, 101006
32439, 101003
32449, 101003
32459, 101006
32469, 101006
32479, 101003
32489, 101003
32499, 101006
32509, 101000
32519, 101003
32529, 100994
32539, 100997
32549, 100994
32559, 101006
32569, 101006
32579, 101000
32589, 101006
32599, 101000
32609, 101006
32619, 101009
32629, 101006
32639, 101006
32649, 100997
32659, 101000
32669, 100997
32679, 101015
32689, 100997
32699, 101003
32709, 101000
32719, 101003
32729, 101012
32739, 101006
32749, 101006
32759, 101003
32769, 101006
32779, 101012
32789, 101012
32799, 101006
32809, 100991
32819, 101003
32829, 101006
32839, 101009
32849, 101000
32859, 101000
32869, 101003
32879, 101009
32889, 101000
32899, 101000
32909, 101009
32919, 101006
32929, 101003
32939, 101000
32949, 101009
32959, 101006
32969, 101006
32979, 101000
32989, 101000
32999, 101000
33009, 101006
33019, 101003
33029, 101000
33039, 101006
33049, 101012
33059, 101009
33069, 101018
33079, 101003
33089, 101006
33099, 101006
33109, 101003
33119, 101006
33129, 100991
33139, 101003
33149, 100997
33159, 101003
33169, 101006
33179, 101003
33189, 101000
33199, 100997
33209, 101006
33219, 101003
33229, 101006
33239, 101009
33249, 101006
33259, 101003
33269, 101012
33279, 101006
33289, 101003
33299, 101003
33309, 100997
33319, 100994
33329, 101009
33339, 101009
33349, 101003
33359, 101009
33369, 101009
33379, 101003
33389, 101003
33399, 101000
33409, 101012
33419, 100997
33429, 101009
33439, 101006
33449, 101000
33459, 100994
33469, 101006
33479, 101009
33489, 101012
33499, 101003
33509, 101003
33519, 101003
33529, 101003
33539, 100997
33549, 100997
33559, 101006
33569, 101000
33579, 101006
33589, 101003
33599, 101012
33609, 101000
33619, 101003
33629, 101003
33639, 100997
33649, 101003
33659, 101003
33669, 101000
33679, 101000
33689, 101003
33699, 101000
33709, 101003
33719, 101006
33729, 101006
33739, 101006
33749, 101000
33759, 100997
33769, 101006
33779, 101003
33789, 101003
33799, 101000
33809, 101003
33819, 101006
33829, 101003
33839, 101009
33849, 101003
33859, 100997
33869, 101009
33879, 101003
33889, 101003
33899, 101003
33909, 101006
33919, 100991
33929, 101006
33939, 101003
33949, 101012
33959, 101003
33969, 101006
33979, 101003
33989, 101006
33999, 101012
34009, 101006
34019, 101009
34029, 101012
34039, 101006
34049, 101003
34059, 101009
34069, 101003
34079, 101003
34089, 101009
34099, 101012
34109, 101012
34119, 101009
34129, 101006
34139, 100997
34149, 101006
34159, 101006
34169, 101000
34179, 101018
34189, 101012
34199, 101000
34209, 101006
34219, 101012
34229, 101009
34239, 101003
34249, 101012
34259, 101006
34269, 100997
34279, 101006
34289, 101006
34299, 101006
34309, 101000
34319, 101009
34329, 101003
34339, 101006
34349, 101012
34359, 101000
34369, 100994
34379, 101006
34389, 101006
34399, 101003
34409, 101006
34419, 101006
34429, 100997
34439, 101006
34449, 101006
34459, 100994
34469, 101006
34479, 101003
34489, 100997
34499, 101003
34509, 101003
34519, 101009
34529, 101003
34539, 101006
34549, 101000
34559, 101009
34569, 101000
34579, 101006
34589, 101000
34599, 100997
34609, 101003
34619, 101009
34629, 101003
34639, 101000
34649, 101003
34659, 101003
34669, 101003
34679, 101006
34689, 101012
34699, 100991
34709, 101006
34719, 101009
34729, 100997
34739, 100997
34749, 101006
34759, 101003
34769, 100994
34779, 101003
34789, 101006
34799, 100997
34809, 101003
34819, 100994
34829, 101000
34839, 101003
34849, 100991
34859, 101015
34869, 101003
34879, 101006
34889, 101003
34899, 101006
34909, 101003
34919, 101003
34929, 101003
34939, 101006
34949, 101006
34959, 101003
34969, 101009
34979, 101003
34989, 101000
34999, 101003
35009, 101000
35019, 101003
35029, 101003
35039, 101003
35049, 101006
35059, 101006
35069, 101006
35079, 101003
35089, 101000
35099, 101006
35109, 101000
35119, 101006
35129, 101003
35139, 101000
35149, 101006
35159, 101006
35169, 100997
35179, 101000
35189, 101000
35199, 100994
35209, 101000
35219, 100997
35229, 100997
35239, 101003
35249, 101006
35259, 101009
35269, 101003
35279, 101003
35289, 101003
35299, 101000
35309, 101003
35319, 101003
35329, 101003
35339, 101000
35349, 101003
35359, 101003
35369, 101003
35379, 100997
35389, 100997
35399, 101003
35409, 101000
35419, 101009
35429, 101000
35439, 101003
35449, 101012
35459, 101003
35469, 101003
35479, 101009
35489, 101000
35499, 101003
35509, 101000
35519, 101006
35529, 100997
35539, 101006
35549, 101009
35559, 100997
35569, 101003
35579, 101003
35589, 101003
35599, 101009
35609, 101009
35619, 101012
35629, 101003
35639, 101000
35649, 101003
35659, 101009
35669, 101003
35679, 100997
35689, 101003
35699, 101003
35709, 101009
35719, 101006
35729, 101003
35739, 101003
35749, 101015
35759, 101006
35769, 101006
35779, 101009
35789, 101003
35799, 101006
35809, 101003
35819, 101000
35829, 101000
35839, 101003
35849, 101003
35859, 101003
35869, 101000
35879, 101000
35889, 101003
35899, 101000
35909, 101009
35919, 101015
35929, 101000
35939, 100991
35949, 101003
35959, 101003
35969, 100997
35979, 101006
35989, 100997
35999, 101003
36009, 101000
36019, 101003
36029, 101003
36039, 101003
36049, 101009
36059, 101003
36069, 101000
36079, 101003
36089, 101003
36099, 101006
36109, 101003
36119, 100997
36129, 101003
36139, 101009
36149, 101006
36159, 101000
36169, 101000
36179, 101000
36189, 101000
36199, 101009
36209, 101003
36219, 101000
36229, 101009
36239, 101003
36249, 100997
36259, 101003
36269, 101000
36279, 101003
36289, 101003
36299, 101012
36309, 101006
36319, 101006
36329, 101003
36339, 101000
36349, 101009
36359, 101003
36369, 101009
36379, 101000
36389, 101009
36399, 101003
36409, 101009
36419, 101006
36429, 101003
36439, 101003
36449, 100997
36459, 101003
36469, 101003
36479, 100997
36489, 101000
36499, 101000
36509, 100997
36519, 101003
36529, 101003
36539, 100997
36549, 101003
36559, 100997
36569, 101003
36579, 101000
36589, 101003
36599, 101006
36609, 101003
36619, 101006
36629, 101000
36639, 101006
36649, 101003
36659, 101000
36669, 101000
36679, 101000
36689, 101003
36699, 101006
36709, 101003
36719, 101012
36729, 101003
36739, 101003
36749, 101006
36759, 101006
36769, 101003
36779, 101006
36789, 100994
36799, 101000
36809, 101006
36819, 101003
36829, 101003
36839, 101000
36849, 101006
36859, 101003
36869, 101003
36879, 101003
36889, 101000
36899, 100994
36909, 101003
36919, 101003
36929, 101006
36939, 101009
36949, 101003
36959, 100994
36969, 101003
36979, 100997
36989, 101006
36999, 101003
37009, 101000
37019, 101000
37029, 100997
37039, 100994
37049, 101003
37059, 101003
37069, 101000
37079, 101006
37089, 101003
37099, 100991
37109, 101003
37119, 101000
37129, 101000
37139, 101006
37149, 100997
37159, 101009
37169, 101003
37179, 101009
37189, 101006
37199, 101006
37209, 101006
37219, 101006
37229, 101000
37239, 100997
37249, 101006
37259, 101000
37269, 101000
37279, 100997
37289, 101003
37299, 101000
37309, 101003
37319, 101003
37329, 100994
37339, 101000
37349, 101000
37359, 101000
37369, 101006
37379, 101009
37389, 101000
37399, 101006
37409, 101000
37419, 101000
37429, 100997
37439, 101000
37449, 101006
37459, 101009
37469, 101009
37479, 101003
37489, 101003
37499, 101000
37509, 101006
37519, 101003
37529, 100997
37539, 101003
37549, 101009
37559, 101000
37569, 101009
37579, 100997
37589, 100994
37599, 100991
37609, 100997
37619, 100994
37629, 101003
37639, 101006
37649, 101009
37659, 100994
37669, 100994
37679, 101000
37689, 101009
37699, 100994
37709, 101000
37719, 100997
37729, 101000
37739, 100997
37749, 100997
37759, 101000
37769, 101000
37779, 101003
37789, 101009
37799, 101003
37809, 101012
37819, 101000
37829, 101003
37839, 101003
37849, 101000
37859, 101006
37869, 101000
37879, 100997
37889, 101006
37899, 101003
37909, 101006
37919, 100997
37929, 101003
37939, 101003
37949, 101000
37959, 101003
37969, 101000
37979, 100997
37989, 101000
37999, 101003
38009, 100997
38019, 101000
38029, 101009
38039, 101000
38049, 100997
38059, 101003
38069, 101006
38079, 101003
38089, 101006
38099, 101006
38109, 100997
38119, 101003
38129, 101000
38139, 101006
38149, 100991
38159, 101006
38169, 101000
38179, 101006
38189, 101006
38199, 101003
38209, 101000
38219, 101006
38229, 101009
38239, 101006
38249, 100997
38259, 101003
38269, 101006
38279, 101000
38289, 101003
38299, 100997
38309, 101006
38319, 101003
38329, 101003
38339, 101006
38349, 101000
38359, 101000
38369, 100997
38379, 101006
38389, 101000
38399, 101003
38409, 101003
38419, 101000
38429, 100991
38439, 101003
38449, 101009
38459, 101003
38469, 101009
38479, 101009
38489, 101003
38499, 101012
38509, 101003
38519, 100991
38529, 100997
38539, 101000
38549, 101012
38559, 101006
38569, 101009
38579, 101006
38589, 101003
38599, 101006
38609, 101015
38619, 101012
38629, 101006
38639, 101000
38649, 100997
38659, 101003
38669, 101000
38679, 101003
38689, 101006
38699, 101000
38709, 101006
38719, 101003
38729, 101009
38739, 101012
38749, 101006
38759, 101012
38769, 101009
38779, 101003
38789, 101006
38799, 101003
38809, 101003
38819, 100997
38829, 101000
38839, 101003
38849, 101006
38859, 101003
38869, 101012
38879, 101009
38889, 101006
38899, 101012
38909, 100997
38919, 101003
38929, 101000
38939, 101003
38949, 101009
38959, 101000
38969, 100994
38979, 101000
38989, 101000
38999, 100997
39009, 100997
39019, 101006
39029, 101000
39039, 101006
39049, 101003
39059, 101003
39069, 101000
39079, 101006
39089, 101003
39099, 101003
39109, 100997
39119, 101006
39129, 101000
39139, 101006
39149, 101000
39159, 101003
39169, 101000
39179, 100994
39189, 100997
39199, 101003
39209, 100997
39219, 100997
39229, 101003
39239, 101000
39249, 100997
39259, 100994
39269, 100994
39279, 101009
39289, 101003
39299, 101000
39309, 101009
39319, 101009
39329, 101006
39339, 100997
39349, 101009
39359, 101006
39369, 101000
39379, 101003
39389, 101009
39399, 101000
39409, 101006
39419, 101006
39429, 101000
39439, 100997
39449, 101003
39459, 101006
39469, 101003
39479, 101003
39489, 101009
39499, 101009
39509, 101006
39519, 101000
39529, 101006
39539, 101006
39549, 101000
39559, 101006
39569, 101006
39579, 101006
39589, 101009
39599, 100997
39609, 101003
39619, 101009
39629, 100997
39639, 101000
39649, 101012
39659, 101009
39669, 100997
39679, 101006
39689, 101003
39699, 101006
39709, 101009
39719, 101009
39729, 101003
39739, 101000
39749, 101009
39759, 100997
39769, 101012
39779, 101003
39789, 101003
39799, 101000
39809, 101003
39819, 101015
39829, 101009
39839, 101012
39849, 100997
39859, 101006
39869, 101012
39879, 101003
39889, 101003
39899, 101009
39909, 101003
39919, 101006
39929, 100997
39939, 101003
39949, 101003
39959, 100997
39969, 101000
39979, 101003
39989, 100997
39999, 101006
40009, 101003
40019, 101000
40029, 101003
40039, 101009
40049, 101006
40059, 100997
40069, 101006
40079, 101009
40089, 101012
40099, 101006
40109, 101009
40119, 101003
40129, 101009
40139, 100997
40149, 101009
40159, 101006
40169, 101003
40179, 101009
40189, 101003
40199, 101009
40209, 101006
40219, 101009
40229, 101006
40239, 101009
40249, 101012
40259, 101003
40269, 101006
40279, 101006
40289, 101006
40299, 101006
40309, 101003
40319, 101003
40329, 101012
40339, 101009
40349, 101006
40359, 101006
40369, 101006
40379, 101006
40389, 101000
40399, 101000
40409, 101006
40419, 101003
40429, 101006
40439, 101003
40449, 101003
40459, 101009
40469, 101012
40479, 101006
40489, 101003
40499, 101009
40509, 101006
40519, 101003
40529, 101003
40539, 101003
40549, 101009
40559, 101009
40569, 101015
40579, 101003
40589, 101012
40599, 101009
40609, 101009
40619, 101003
40629, 101009
40639, 101006
40649, 101003
40659, 101000
40669, 101000
40679, 101003
40689, 101006
40699, 100997
40709, 101012
40719, 101003
40729, 101003
40739, 101003
40749, 101009
40759, 101003
40769, 101006
40779, 101009
40789, 101006
40799, 100994
40809, 101006
40819, 101012
40829, 101006
40839, 101003
40849, 101006
40859, 100991
40869, 101000
40879, 101009
40889, 101003
40899, 101006
40909, 101003
40919, 101006
40929, 101009
40939, 101003
40949, 101003
40959, 101000
40969, 101000
40979, 101006
40989, 101006
40999, 101009
41009, 101009
41019, 101006
41029, 101009
41039, 101000
41049, 101003
41059, 101012
41069, 101003
41079, 101009
41089, 101012
41099, 101009
41109, 101003
41119, 101009
41129, 101003
41139, 100994
41149, 101003
41159, 101006
41169, 101003
41179, 101006
41189, 101003
41199, 101018
41209, 101006
41219, 101000
41229, 101009
41239, 101006
41249, 101006
41259, 101009
41269, 101006
41279, 101015
41289, 101006
41299, 101000
41309, 100997
41319, 101000
41329, 101006
41339, 101012
41349, 101009
41359, 101015
41369, 101012
41379, 101006
41389, 101000
41399, 101012
41409, 101006
41419, 101006
41429, 101006
41439, 101003
41449, 101006
41459, 100991
41469, 101012
41479, 101000
41489, 101000
41499, 100994
41509, 101009
41519, 101000
41529, 101003
41539, 101006
41549, 101003
41559, 101009
41569, 101012
41579, 101003
41589, 101006
41599, 101012
41609, 101018
41619, 101000
41629, 101000
41639, 101009
41649, 101012
41659, 101006
41669, 101000
41679, 101012
41689, 101000
41699, 101009
41709, 101012
41719, 101015
41729, 101012
41739, 101006
41749, 101006
41759, 101003
41769, 101009
41779, 101006
41789, 101009
41799, 101006
41809, 101006
41819, 101003
41829, 101012
41839, 101006
41849, 101012
41859, 101000
41869, 101003
41879, 101015
41889, 101012
41899, 101018
41909, 101006
41919, 101012
41929, 101009
41939, 101012
41949, 101012
41959, 101015
41969, 101012
41979, 101006
41989, 101012
41999, 101009
42009, 101006
42019, 100997
42029, 101009
42039, 101009
42049, 101006
42059, 101003
42069, 101006
42079, 101009
42089, 101003
42099, 100997
42109, 101003
42119, 101009
42129, 101009
42139, 101006
42149, 101006
42159, 101000
42169, 101015
42179, 101012
42189, 101003
42199, 101003
42209, 101006
42219, 101000
42229, 101003
42239, 101006
42249, 101012
42259, 101006
42269, 101003
42279, 101012
42289, 101006
42299, 101006
42309, 101009
42319, 101009
42329, 101006
42339, 101015
42349, 100997
42359, 101003
42369, 101000
42379, 101000
42389, 101000
42399, 101009
42409, 101009
42419, 101000
42429, 101006
42439, 101012
42449, 101003
42459, 101000
42469, 101012
42479, 101003
42489, 101006
42499, 101000
42509, 101006
42519, 101000
42529, 101009
42539, 101006
42549, 101009
42559, 101009
42569, 101012
42579, 101003
42589, 101006
42599, 101018
42609, 101003
42619, 101006
42629, 101000
42639, 101012
42649, 101012
42659, 101009
42669, 100997
42679, 101003
42689, 101000
42699, 101006
42709, 101000
42719, 101006
42729, 101009
42739, 101015
42749, 101012
42759, 101012
42769, 101009
42779, 101012
42789, 101003
42799, 101012
42809, 101009
42819, 101003
42829, 101009
42839, 101012
42849, 101003
42859, 101003
42869, 101006
42879, 101015
42889, 101018
42899, 101006
42909, 101003
42919, 101006
42929, 101006
42939, 101012
42949, 101012
42959, 101006
42969, 101009
42979, 101006
42989, 101012
42999, 101012
43009, 101006
43019, 101000
43029, 101009
43039, 101015
43049, 101006
43059, 100997
43069, 101012
43079, 100997
43089, 101012
43099, 101009
43109, 101009
43119, 101003
43129, 101009
43139, 101003
43149, 101006
43159, 101009
43169, 101009
43179, 101009
43189, 101003
43199, 101015
43209, 101009
43219, 101000
43229, 101003
43239, 100997
43249, 101009
43259, 101012
43269, 101006
43279, 101012
43289, 101003
43299, 101009
43309, 101012
43319, 101003
43329, 101009
43339, 101000
43349, 101009
43359, 101003
43369, 101009
43379, 101012
43389, 101003
43399, 101006
43409, 101009
43419, 101009
43429, 101003
43439, 101012
43449, 101009
43459, 101006
43469, 100997
43479, 101006
43489, 101000
43499, 101000
43509, 101000
43519, 101012
43529, 101006
43539, 101012
43549, 101000
43559, 101006
43569, 101006
43579, 100997
43589, 101006
43599, 101006
43609, 101009
43619, 100997
43629, 100997
43639, 101012
43649, 101009
43659, 101006
43669, 101006
43679, 101009
43689, 101000
43699, 101009
43709, 100994
43719, 101000
43729, 101000
43739, 101003
43749, 101006
43759, 101003
43769, 101000
43779, 101012
43789, 101006
43799, 101015
43809, 101009
43819, 101006
43829, 101009
43839, 101000
43849, 101009
43859, 101009
43869, 101006
43879, 101012
43889, 101006
43899, 101003
43909, 101003
43919, 101000
43929, 101006
43939, 101012
43949, 101006
43959, 101009
43969, 101009
43979, 101003
43989, 101003
43999, 101009
44009, 101003
44019, 101009
44029, 101000
44039, 101000
44049, 101012
44059, 101015
44069, 101015
44079, 101009
44089, 101012
44099, 101009
44109, 101006
44119, 101009
44129, 101000
44139, 101006
44149, 101012
44159, 101015
44169, 101009
44179, 101003
44189, 101000
44199, 101012
44209, 101012
44219, 101009
44229, 101012
44239, 101012
44249, 101006
44259, 101015
44269, 101012
44279, 101006
44289, 101009
44299, 101012
44309, 101006
44319, 101006
44329, 100994
44339, 101006
44349, 101009
44359, 101015
44369, 101006
44379, 101009
44389, 101015
44399, 100997
44409, 101006
44419, 101009
44429, 101000
44439, 101003
44449, 101000
44459, 101006
44469, 101012
44479, 101006
44489, 101006
44499, 101012
44509, 101012
44519, 101006
44529, 101012
44539, 101006
44549, 101012
44559, 101009
44569, 101012
44579, 101012
44589, 101018
44599, 101015
44609, 101012
44619, 101015
44629, 101009
44639, 101006
44649, 101018
44659, 101009
44669, 101009
44679, 101015
44689, 101012
44699, 101012
44709, 101012
44719, 101012
44729, 101012
44739, 101006
44749, 101015
44759, 101006
44769, 101009
44779, 101006
44789, 101006
44799, 101006
44809, 101009
44819, 101003
44829, 101006
44839, 101012
44849, 101009
44859, 101006
44869, 101006
44879, 101006
44889, 101003
44899, 101003
44909, 101012
44919, 101009
44929, 101012
44939, 101003
44949, 101009
44959, 101012
44969, 101000
44979, 101000
44989, 101012
44999, 101012
45009, 101003
45019, 101006
45029, 101000
45039, 101006
45049, 101009
45059, 101012
45069, 101003
45079, 101009
45089, 101006
45099, 101012
45109, 101012
45119, 101003
45129, 101006
45139, 101003
45149, 101003
45159, 101009
45169, 101000
45179, 101015
45189, 101006
45199, 101006
45209, 101012
45219, 101000
45229, 101003
45239, 101006
45249, 101006
45259, 101006
45269, 101009
45279, 101012
45289, 101006
45299, 101006
45309, 101006
45319, 101018
45329, 101009
45339, 101006
45349, 101009
45359, 101003
45369, 101006
45379, 101006
45389, 101012
45399, 101012
45409, 101015
45419, 101006
45429, 101009
45439, 101006
45449, 101006
45459, 101009
45469, 101000
45479, 101006
45489, 101009
45499, 101006
45509, 101012
45519, 101006
45529, 101012
45539, 101009
45549, 101015
45559, 101009
45569, 101000
45579, 101009
45589, 101006
45599, 100994
45609, 101012
45619, 101006
45629, 101006
45639, 101000
45649, 101000
45659, 101006
45669, 101006
45679, 101006
45689, 101006
45699, 101006
45709, 101006
45719, 101009
45729, 101006
45739, 101006
45749, 101009
45759, 101006
45769, 101015
45779, 101006
45789, 101006
45799, 101003
45809, 101012
45819, 101006
45829, 101012
45839, 101012
45849, 101012
45859, 101015
45869, 101006
45879, 101009
45889, 101012
45899, 101006
45909, 101000
45919, 101006
45929, 101009
45939, 101009
45949, 101006
45959, 101006
45969, 101000
45979, 101018
45989, 101006
45999, 101012
46009, 101024
46019, 101009
46029, 101003
46039, 101006
46049, 101012
46059, 101009
46069, 101006
46079, 101009
46089, 101009
46099, 101006
46109, 101000
46119, 101006
46129, 101006
46139, 101000
46149, 101006
46159, 101006
46169, 101012
46179, 101009
46189, 101009
46199, 101009
46209, 101006
46219, 101006
46229, 101009
46239, 101003
46249, 101012
46259, 101009
46269, 101009
46279, 101009
46289, 101009
46299, 101012
46309, 101003
46319, 101000
46329, 101006
46339, 101009
46349, 101006
46359, 101009
46369, 101003
46379, 101003
46389, 101006
46399, 101012
46409, 101000
46419, 101006
46429, 101009
46439, 101006
46449, 101009
46459, 101012
46469, 101006
46479, 101009
46489, 101009
46499, 101009
46509, 101006
46519, 101012
46529, 101006
46539, 101000
46549, 101006
46559, 101009
46569, 101003
46579, 101000
46589, 101009
46599, 101012
46609, 101006
46619, 101003
46629, 101006
46639, 101000
46649, 101012
46659, 101006
46669, 101006
46679, 101003
46689, 101003
46699, 101009
46709, 101006
46719, 101003
46729, 101009
46739, 101012
46749, 101003
46759, 101009
46769, 101009
46779, 101006
46789, 101012
46799, 101006
46809, 101009
46819, 101012
46829, 101006
46839, 101009
46849, 101009
46859, 101006
46869, 101006
46879, 101006
46889, 101009
46899, 101006
46909, 101006
46919, 101015
46929, 101003
46939, 101012
46949, 101003
46959, 101009
46969, 101009
46979, 101006
46989, 101000
46999, 101018
47009, 101009
47019, 101009
47029, 101006
47039, 101000
47049, 101006
47059, 101009
47069, 101006
47079, 101009
47089, 101006
47099, 101012
47109, 101012
47119, 101006
47129, 101012
47139, 101015
47149, 101012
47159, 101006
47169, 101006
47179, 101009
47189, 101012
47199, 101006
47209, 101012
47219, 101000
47229, 100997
47239, 101000
47249, 101009
47259, 101009
47269, 101009
47279, 101000
47289, 101012
47299, 101000
47309, 101006
47319, 101006
47329, 101009
47339, 101009
47349, 101012
47359, 101000
47369, 101003
47379, 101000
47389, 101006
47399, 101009
47409, 101000
47419, 101006
47429, 101006
47439, 101009
47449, 101006
47459, 101006
47469, 101006
47479, 101006
47489, 101003
47499, 101012
47509, 101012
47519, 101003
47529, 101006
47539, 101000
47549, 101009
47559, 101003
47569, 101003
47579, 101000
47589, 101006
47599, 101003
47609, 101012
47619, 101003
47629, 101000
47639, 101003
47649, 101015
47659, 101006
47669, 101000
47679, 100997
47689, 101006
47699, 101006
47709, 101006
47719, 101000
47729, 101012
47739, 101015
47749, 101015
47759, 101003
47769, 101006
47779, 101000
47789, 101006
47799, 101000
47809, 101003
47819, 100997
47829, 101000
47839, 101006
47849, 101006
47859, 101000
47869, 101006
47879, 101003
47889, 101012
47899, 101009
47909, 101012
47919, 101000
47929, 101009
47939, 101003
47949, 101006
47959, 101003
47969, 101000
47979, 101006
47989, 101003
47999, 101003
48009, 101006
48019, 101003
48029, 101000
48039, 101015
48049, 101012
48059, 101006
48069, 101015
48079, 101012
48089, 101003
48099, 101003
48109, 101012
48119, 101000
48129, 101009
48139, 101012
48149, 101012
48159, 101009
48169, 101003
48179, 101009
48189, 101000
48199, 101006
48209, 101000
48219, 101003
48229, 101000
48239, 101003
48249, 101000
48259, 101009
48269, 101009
48279, 101006
48289, 101003
48299, 101009
48309, 101000
48319, 101006
48329, 101009
48339, 101000
48349, 101000
48359, 101003
48369, 101000
48379, 101003
48389, 101009
48399, 101006
48409, 101009
48419, 101009
48429, 101009
48439, 101006
48449, 101006
48459, 101006
48469, 101009
48479, 101003
48489, 101000
48499, 101003
48509, 101009
48519, 101006
48529, 100997
48539, 101006
48549, 101006
48559, 101006
48569, 101003
48579, 101006
48589, 101003
48599, 101009
48609, 100997
48619, 101009
48629, 101009
48639, 101009
48649, 101009
48659, 101003
48669, 101003
48679, 101003
48689, 101003
48699, 100997
48709, 101000
48719, 101000
48729, 101003
48739, 101006
48749, 101006
48759, 101000
48769, 101006
48779, 101009
48789, 101000
48799, 101009
48809, 101000
48819, 101003
48829, 101000
48839, 101006
48849, 101012
48859, 101015
48869, 101009
48879, 101009
48889, 101006
48899, 101003
48909, 101003
48919, 101000
48929, 101003
48939, 101009
48949, 101003
48959, 101009
48969, 101006
48979, 101009
48989, 101003
48999, 101000
49009, 101003
49019, 101003
49029, 101009
49039, 101003
49049, 101000
49059, 101000
49069, 101003
49079, 100994
49089, 101006
49099, 101003
49109, 101003
49119, 101009
49129, 101000
49139, 101003
49149, 101000
49159, 101009
49169, 100997
49179, 101003
49189, 101006
49199, 101006
49209, 101006
49219, 101009
49229, 101003
49239, 101009
49249, 101003
49259, 101003
49269, 101003
49279, 101009
49289, 101009
49299, 101003
49309, 101000
49319, 101009
49329, 101009
49339, 101003
49349, 101012
49359, 101009
49369, 101003
49379, 101003
49389, 101009
49399, 101003
49409, 101012
49419, 101012
49429, 101015
49439, 101003
49449, 101003
49459, 101003
49469, 101000
49479, 101003
49489, 101003
49499, 101003
49509, 101003
49519, 101003
49529, 101009
49539, 101000
49549, 101012
49559, 101006
49569, 101012
49579, 101003
49589, 101003
49599, 101003
49609, 101000
49619, 101003
49629, 101003
49639, 101000
49649, 100997
49659, 101006
49669, 101012
49679, 101003
49689, 101009
49699, 101009
49709, 101006
49719, 101003
49729, 101006
49739, 101000
49749, 101000
49759, 101009
49769, 101003
49779, 101009
49789, 101006
49799, 101003
49809, 101003
49819, 101003
49829, 101012
49839, 101006
49849, 100997
49859, 101009
49869, 101015
49879, 101006
49889, 101012
49899, 101012
49909, 101009
49919, 101009
49929, 100997
49939, 101009
49949, 101006
49959, 101000
49969, 101009
49979, 101006
49989, 101003
49999, 101009
50009, 100997
50019, 101003
50029, 101000
50039, 101006
50049, 101012
50059, 100997
50069, 100994
50079, 101003
50089, 101000
50099, 101000
50109, 101006
50119, 101003
50129, 101003
50139, 101009
50149, 101003
50159, 101009
50169, 101003
50179, 101015
50189, 101012
50199, 101003
50209, 101006
50219, 101006
50229, 101006
50239, 101003
50249, 101006
50259, 101006
50269, 100997
50279, 101003
50289, 101003
50299, 101000
50309, 100997
50319, 101012
50329, 101003
50339, 101000
50349, 101006
50359, 101009
50369, 101003
