371, 100290
402, 100290
433, 100286
464, 100294
495, 100293
526, 100289
557, 100293
588, 100289
619, 100289
650, 100288
681, 100287
712, 100295
743, 100294
774, 100293
805, 100294
836, 100292
867, 100294
898, 100287
929, 100294
960, 100294
991, 100293
1022, 100296
1053, 100292
1084, 100292
1115, 100296
1146, 100293
1177, 100292
1208, 100291
1239, 100293
1270, 100290
1301, 100288
1332, 100289
1363, 100292
1394, 100290
1425, 100293
1456, 100286
1487, 100286
1518, 100289
1549, 100295
1580, 100288
1611, 100292
1642, 100290
1673, 100296
1704, 100292
1735, 100292
1766, 100293
1797, 100294
1828, 100298
1859, 100294
1890, 100294
1921, 100300
1952, 100293
1983, 100289
2014, 100289
2045, 100288
2076, 100290
2107, 100289
2138, 100289
2169, 100293
2200, 100287
2231, 100287
2262, 100289
2293, 100292
2324, 100288
2355, 100291
2386, 100288
2417, 100291
2448, 100289
2479, 100291
2510, 100287
2541, 100288
2572, 100287
2603, 100288
2634, 100290
2665, 100293
2696, 100290
2727, 100288
2758, 100290
2789, 100292
2820, 100296
2851, 100288
2882, 100292
2913, 100293
2944, 100295
2975, 100291
3006, 100290
3037, 100294
3068, 100289
3099, 100287
3130, 100294
3161, 100289
3192, 100288
3223, 100291
3254, 100290
3285, 100290
3316, 100292
3347, 100292
3378, 100291
3409, 100294
3440, 100289
3471, 100290
3502, 100292
3533, 100287
3564, 100289
3595, 100291
3626, 100292
3657, 100293
3688, 100289
3719, 100290
3750, 100291
3781, 100290
3812, 100292
3843, 100292
3874, 100293
3905, 100291
3936, 100290
3967, 100295
3998, 100290
4029, 100290
4060, 100292
4091, 100291
4122, 100288
4153, 100289
4184, 100290
4215, 100290
4246, 100289
4277, 100293
4308, 100291
4339, 100292
4370, 100296
4401, 100290
4432, 100293
4463, 100292
4494, 100296
4525, 100294
4556, 100295
4587, 100293
4618, 100290
4649, 100290
4680, 100296
4711, 100293
4742, 100293
4773, 100287
4804, 100290
4835, 100291
4866, 100292
4897, 100292
4928, 100290
4959, 100288
4990, 100287
5021, 100289
5052, 100290
5083, 100287
5114, 100289
5145, 100290
5176, 100292
5207, 100293
5238, 100293
5269, 100292
5300, 100288
5331, 100289
5362, 100290
5393, 100291
5424, 100292
5455, 100292
5486, 100292
5517, 100292
5548, 100289
5579, 100290
5610, 100291
5641, 100288
5672, 100290
5703, 100288
5734, 100290
5765, 100288
5796, 100290
5827, 100293
5858, 100290
5889, 100293
5920, 100295
5951, 100291
5982, 100293
6013, 100291
6044, 100289
6075, 100300
6106, 100291
6137, 100289
6168, 100290
6199, 100288
6230, 100286
6261, 100292
6292, 100289
6323, 100290
6354, 100288
6385, 100288
6416, 100291
6447, 100294
6478, 100288
6509, 100291
6540, 100288
6571, 100292
6602, 100287
6633, 100292
6664, 100290
6695, 100293
6726, 100291
6757, 100294
6788, 100293
6819, 100290
6850, 100292
6881, 100289
6912, 100292
6943, 100290
6974, 100293
7005, 100296
7036, 100295
7067, 100299
7098, 100291
7129, 100297
7160, 100296
7191, 100289
7222, 100290
7253, 100291
7284, 100295
7315, 100293
7346, 100293
7377, 100290
7408, 100291
7439, 100292
7470, 100290
7501, 100295
7532, 100288
7563, 100292
7594, 100296
7625, 100292
7656, 100287
7687, 100289
7718, 100292
7749, 100289
7780, 100288
7811, 100292
7842, 100289
7873, 100291
7904, 100289
7935, 100290
7966, 100290
7997, 100288
8028, 100288
8059, 100289
8090, 100289
8121, 100292
8152, 100292
8183, 100292
8214, 100286
8245, 100291
8276, 100292
8307, 100293
8338, 100295
8369, 100293
8400, 100289
8431, 100289
8462, 100291
8493, 100289
8524, 100291
8555, 100292
8586, 100288
8617, 100286
8648, 100294
8679, 100293
8710, 100296
8741, 100293
8772, 100295
8803, 100292
8834, 100295
8865, 100290
8896, 100291
8927, 100290
8958, 100295
8989, 100296
9020, 100292
9051, 100290
9082, 100290
9113, 100291
9144, 100288
9175, 100289
9206, 100294
9237, 100290
9268, 100294
9299, 100294
9330, 100295
9361, 100290
9392, 100289
9423, 100288
9454, 100292
9485, 100289
9516, 100289
9547, 100288
9578, 100288
9609, 100292
9640, 100288
9671, 100288
9702, 100286
9733, 100292
9764, 100288
9795, 100286
9826, 100290
9857, 100291
9888, 100293
9919, 100290
9950, 100289
9981, 100287
10012, 100290
10043, 100288
10074, 100288
10105, 100291
10136, 100293
10167, 100293
10198, 100295
10229, 100292
10260, 100288
10291, 100290
10322, 100290
10353, 100290
10384, 100289
10415, 100292
10446, 100294
10477, 100291
10508, 100285
10539, 100292
10570, 100289
10601, 100294
10632, 100292
10663, 100290
10694, 100286
10725, 100292
10756, 100289
10787, 100293
10818, 100294
10849, 100288
10880, 100294
10911, 100292
10942, 100290
10973, 100289
11004, 100289
11035, 100289
11066, 100291
11097, 100293
11128, 100291
11159, 100293
11190, 100291
11221, 100302
11252, 100297
11283, 100290
11314, 100297
11345, 100295
11376, 100295
11407, 100297
11438, 100293
11469, 100295
11500, 100293
11531, 100289
11562, 100296
11593, 100296
11624, 100298
11655, 100291
11686, 100296
11717, 100294
11748, 100296
11779, 100289
11810, 100292
11841, 100295
11872, 100294
11903, 100292
11934, 100298
11965, 100295
11996, 100297
12027, 100298
12058, 100295
12089, 100296
12120, 100298
12151, 100295
12182, 100294
12213, 100292
12244, 100292
12275, 100294
12306, 100290
12337, 100297
12368, 100296
12399, 100296
12430, 100290
12461, 100288
12492, 100293
12523, 100290
12554, 100291
12585, 100293
12616, 100290
12647, 100290
12678, 100294
12709, 100301
12740, 100295
12771, 100297
12802, 100296
12833, 100294
12864, 100291
12895, 100293
12926, 100289
12957, 100295
12988, 100294
13019, 100294
13050, 100297
13081, 100295
13112, 100288
13143, 100289
13174, 100293
13205, 100292
13236, 100294
13267, 100291
13298, 100292
13329, 100288
13360, 100289
13391, 100292
13422, 100290
13453, 100288
13484, 100292
13515, 100298
13546, 100292
13577, 100290
13608, 100294
13639, 100293
13670, 100295
13701, 100298
13732, 100295
13763, 100295
13794, 100294
13825, 100295
13856, 100291
13887, 100289
13918, 100292
13949, 100294
13980, 100293
14011, 100295
14042, 100294
14073, 100296
14104, 100297
14135, 100298
14166, 100295
14197, 100292
14228, 100292
14259, 100290
14290, 100289
14321, 100293
14352, 100289
14383, 100298
14414, 100295
14445, 100293
14476, 100292
14507, 100294
14538, 100295
14569, 100293
14600, 100293
14631, 100289
14662, 100287
14693, 100289
14724, 100289
14755, 100288
14786, 100292
14817, 100291
14848, 100294
14879, 100294
14910, 100292
14941, 100294
14972, 100293
15003, 100291
15034, 100296
15065, 100293
15096, 100289
15127, 100291
15158, 100293
15189, 100296
15220, 100299
15251, 100292
15282, 100299
15313, 100296
15344, 100293
15375, 100295
15406, 100295
15437, 100295
15468, 100290
15499, 100294
15530, 100294
15561, 100295
15592, 100295
15623, 100297
15654, 100299
15685, 100296
15716, 100297
15747, 100298
15778, 100294
15809, 100297
15840, 100298